Ozone column data    190902    190902
OZONE COL       265.      268.      271.      274.      277.
OZONE COL      19245      0.00     19245   2400.00
4555555555555555555555555555555555555555555555555555555555555555
4555555555555555555555555555555555555555555555555555555555555555
4555555555555555555555555555555555555555555555555555555555555544
1444444444444444444445555555555555555555555555555555555555555544
1444444444444444444445555555555555555555555555555555555555555544
1444444444444444444445555555555555555555555555555555555555555544
1444444444444444444445555555555555555555555555555555555555555544
1444444444444444444445555555555555555555555555555555555555555544
1444444444444444444445555555555555555555555555555555555555555544
1444444444444444444445555555555555555555555555555555555555555544
1444444444444444444445555555555555555555555555555555555555555544
1444444444444444444445555555555555555555555555555555555555555544
1444444444444444444445555555555555555555555555555555555555555544
1444444444444444444445555555555555555555555555555555555555555544
1444444444444444444445555555555555555555555555555555555555555544
1444444444444444444445555555555555555555555555555555555555555544
1444444444444444444445555555555555555555555555555555555555555544
1444444444444444444445555555555555555555555555555555555555555544
1444444444444444444445555555555555555555555555555555555555555544
1444444444444444444445555555555555555555555555555555555555555544
1444444444444444444445555555555555555555555555555555555555555544
1444444444444444444445555555555555555555555555555555555555555544
1444444444444444444445555555555555555555555555555555555555555544
1444444444444444444445555555555555555555555555555555555555555544
1444444444444444444445555555555555555555555555555555555555555544
3444444444444444444444444444444444444444444444444444444444444433
3444444444444444444444444444444444444444444444444444444444444433
3444444444444444444444444444444444444444444444444444444444444433
3444444444444444444444444444444444444444444444444444444444444433
3444444444444444444444444444444444444444444444444444444444444433
3444444444444444444444444444444444444444444444444444444444444433
3444444444444444444444444444444444444444444444444444444444444433
3444444444444444444444444444444444444444444444444444444444444433
3444444444444444444444444444444444444444444444444444444444444433
3444444444444444444444444444444444444444444444444444444444444433
3444444444444444444444444444444444444444444444444444444444444433
3444444444444444444444444444444444444444444444444444444444444433
3444444444444444444444444444444444444444444444444444444444444433
3444444444444444444444444444444444444444444444444444444444444433
3444444444444444444444444444444444444444444444444444444444444433
3444444444444444444444444444444444444444444444444444444444444433
3444444444444444444444444444444444444444444444444444444444444433
3444444444444444444444444444444444444444444444444444444444444433
3444444444444444444444444444444444444444444444444444444444444433
3444444444444444444444444444444444444444444444444444444444444433
3444444444444444444444444444444444444444444444444444444444444433
3444444444444444444444444444444444444444444444444444444444444433
2222222222222222222222222222222222222222223333333333333333333333
2222222222222222222222222222222222222222223333333333333333333333
2222222222222222222222222222222222222222223333333333333333333333
