Ozone column data    190904    190904
OZONE COL       254.      257.      260.      263.      266.
OZONE COL      19247      0.00     19247   2400.00
5555555555555555555555555555555555555555544444444444444444444433
5555555555555555555555555555555555555555544444444444444444444433
5555555555555555555555555555555555555555544444444444444444444433
5555555555555555555554444444444444444444444444444444444444444433
5555555555555555555554444444444444444444444444444444444444444433
5555555555555555555554444444444444444444444444444444444444444433
5555555555555555555554444444444444444444444444444444444444444433
5555555555555555555554444444444444444444444444444444444444444433
5555555555555555555554444444444444444444444444444444444444444433
5555555555555555555554444444444444444444444444444444444444444433
5555555555555555555554444444444444444444444444444444444444444433
5555555555555555555554444444444444444444444444444444444444444433
5555555555555555555554444444444444444444444444444444444444444433
5555555555555555555554444444444444444444444444444444444444444433
5555555555555555555554444444444444444444444444444444444444444433
5555555555555555555554444444444444444444444444444444444444444433
5555555555555555555554444444444444444444444444444444444444444433
5555555555555555555554444444444444444444444444444444444444444433
5555555555555555555554444444444444444444444444444444444444444433
5555555555555555555554444444444444444444444444444444444444444433
5555555555555555555554444444444444444444444444444444444444444433
5555555555555555555554444444444444444444444444444444444444444433
5555555555555555555554444444444444444444444444444444444444444433
5555555555555555555554444444444444444444444444444444444444444433
5555555555555555555554444444444444444444444444444444444444444433
5555555555555555555554444444444444444444443333333333333333333311
5555555555555555555554444444444444444444443333333333333333333311
5555555555555555555554444444444444444444443333333333333333333311
5555555555555555555554444444444444444444443333333333333333333311
5555555555555555555554444444444444444444443333333333333333333311
5555555555555555555554444444444444444444443333333333333333333311
5555555555555555555554444444444444444444443333333333333333333311
5555555555555555555554444444444444444444443333333333333333333311
5555555555555555555554444444444444444444443333333333333333333311
5555555555555555555554444444444444444444443333333333333333333311
5555555555555555555554444444444444444444443333333333333333333311
5555555555555555555554444444444444444444443333333333333333333311
5555555555555555555554444444444444444444443333333333333333333311
5555555555555555555554444444444444444444443333333333333333333311
5555555555555555555554444444444444444444443333333333333333333311
5555555555555555555554444444444444444444443333333333333333333311
5555555555555555555554444444444444444444443333333333333333333311
5555555555555555555554444444444444444444443333333333333333333311
5555555555555555555554444444444444444444443333333333333333333311
5555555555555555555554444444444444444444443333333333333333333311
5555555555555555555554444444444444444444443333333333333333333311
5555555555555555555554444444444444444444443333333333333333333311
2222222222222222222223333333333333333333331111111111111111111122
2222222222222222222223333333333333333333331111111111111111111122
2222222222222222222223333333333333333333331111111111111111111122
