Ozone column data    190901    190901
OZONE COL       259.      261.      264.      266.      268.
OZONE COL      19244      0.00     19244   2400.00
4555555555555555555555555555555555555555511111111111111111111133
4555555555555555555555555555555555555555511111111111111111111133
4555555555555555555555555555555555555555511111111111144444444444
2555555555555555555553333333333333333333344444444444444444444444
2555555555555555555553333333333333333333344444444444444444444444
2555555555555555555553333333333333333333344444444444444444444444
2555555555555555555553333333333333333333344444444444444444444444
2555555555555555555553333333333333333333344444444444444444444444
2555555555555555555553333333333333333333344444444444444444444444
2555555555555555555553333333333333333333344444444444444444444444
2555555555555555555553333333333333333333344444444444444444444444
2555555555555555555553333333333333333333344444444444444444444444
2555555555555555555553333333333333333333344444444444444444444444
2555555555555555555553333333333333333333344444444444444444444444
2555555555555555555553333333333333333333344444444444444444444444
2555555555555555555553333333333333333333344444444444444444444444
2555555555555555555553333333333333333333344444444444444444444444
2555555555555555555553333333333333333333344444444444444444444444
2555555555555555555553333333333333333333344444444444444444444444
2555555555555555555553333333333333333333344444444444444444444444
2555555555555555555553333333333333333333344444444444444444444444
2555555555555555555553333333333333333333344444444444444444444444
2555555555555555555553333333333333333333344444444444444444444444
2555555555555555555553333333333333333333344444444444444444444444
2555555555555555555553333333333333333333344444444444444444444444
5555555555555555555554444444444444444444442222222222222222222211
5555555555555555555554444444444444444444442222222222222222222211
5555555555555555555554444444444444444444442222222222222222222211
5555555555555555555554444444444444444444442222222222222222222211
5555555555555555555554444444444444444444442222222222222222222211
5555555555555555555554444444444444444444442222222222222222222211
5555555555555555555554444444444444444444442222222222222222222211
5555555555555555555554444444444444444444442222222222222222222211
5555555555555555555554444444444444444444442222222222222222222211
5555555555555555555554444444444444444444442222222222222222222211
5555555555555555555554444444444444444444442222222222222222222211
5555555555555555555554444444444444444444442222222222222222222211
5555555555555555555554444444444444444444442222222222222222222211
5555555555555555555554444444444444444444442222222222222222222211
5555555555555555555554444444444444444444442222222222222222222211
5555555555555555555554444444444444444444442222222222222222222211
5555555555555555555554444444444444444444442222222222222222222211
5555555555555555555554444444444444444444442222222222222222222211
5555555555555555555554444444444444444444442222222222222222222211
5555555555555555555554444444444444444444442222222222222222222211
5555555555555555555554444444444444444444442222222222222222222211
5555555555555555555554444444444444444444442222222222222222222211
5555555555555555555554444444444444444444443333333333333333333333
5555555555555555555554444444444444444444443333333333333333333333
5555555555555555555554444444444444444444443333333333333333333333
