Ozone column data    190903    190903
OZONE COL       261.      264.      268.      272.      275.
OZONE COL      19246      0.00     19246   2400.00
5555555555555555555554444444444444444444433333333333333333333311
5555555555555555555554444444444444444444433333333333333333333311
5555555555555555555554444444444444444444433333333333344444444422
5555555555555555555555555555555555555555544444444444444444444422
5555555555555555555555555555555555555555544444444444444444444422
5555555555555555555555555555555555555555544444444444444444444422
5555555555555555555555555555555555555555544444444444444444444422
5555555555555555555555555555555555555555544444444444444444444422
5555555555555555555555555555555555555555544444444444444444444422
5555555555555555555555555555555555555555544444444444444444444422
5555555555555555555555555555555555555555544444444444444444444422
5555555555555555555555555555555555555555544444444444444444444422
5555555555555555555555555555555555555555544444444444444444444422
5555555555555555555555555555555555555555544444444444444444444422
5555555555555555555555555555555555555555544444444444444444444422
5555555555555555555555555555555555555555544444444444444444444422
5555555555555555555555555555555555555555544444444444444444444422
5555555555555555555555555555555555555555544444444444444444444422
5555555555555555555555555555555555555555544444444444444444444422
5555555555555555555555555555555555555555544444444444444444444422
5555555555555555555555555555555555555555544444444444444444444422
5555555555555555555555555555555555555555544444444444444444444422
5555555555555555555555555555555555555555544444444444444444444422
5555555555555555555555555555555555555555544444444444444444444422
5555555555555555555555555555555555555555544444444444444444444422
4555555555555555555554444444444444444444444444444444444444444411
4555555555555555555554444444444444444444444444444444444444444411
4555555555555555555554444444444444444444444444444444444444444411
4555555555555555555554444444444444444444444444444444444444444411
4555555555555555555554444444444444444444444444444444444444444411
4555555555555555555554444444444444444444444444444444444444444411
4555555555555555555554444444444444444444444444444444444444444411
4555555555555555555554444444444444444444444444444444444444444411
4555555555555555555554444444444444444444444444444444444444444411
4555555555555555555554444444444444444444444444444444444444444411
4555555555555555555554444444444444444444444444444444444444444411
4555555555555555555554444444444444444444444444444444444444444411
4555555555555555555554444444444444444444444444444444444444444411
4555555555555555555554444444444444444444444444444444444444444411
4555555555555555555554444444444444444444444444444444444444444411
4555555555555555555554444444444444444444444444444444444444444411
4555555555555555555554444444444444444444444444444444444444444411
4555555555555555555554444444444444444444444444444444444444444411
4555555555555555555554444444444444444444444444444444444444444411
4555555555555555555554444444444444444444444444444444444444444411
4555555555555555555554444444444444444444444444444444444444444411
4555555555555555555554444444444444444444444444444444444444444411
4444444444444444444444444444444444444444443333333333333333333311
4444444444444444444444444444444444444444443333333333333333333311
4444444444444444444444444444444444444444443333333333333333333311
