Ozone column data    190905    190905
OZONE COL       252.      255.      259.      262.      265.
OZONE COL      19248      0.00     19248   2400.00
5333333333333333333331111111111111111111111111111111111111111111
5333333333333333333331111111111111111111111111111111111111111111
5333333333333333333331111111111111111111111111111111111111111111
4444444444444444444443333333333333333333311111111111111111111111
4444444444444444444443333333333333333333311111111111111111111111
4444444444444444444443333333333333333333311111111111111111111111
4444444444444444444443333333333333333333311111111111111111111111
4444444444444444444443333333333333333333311111111111111111111111
4444444444444444444443333333333333333333311111111111111111111111
4444444444444444444443333333333333333333311111111111111111111111
4444444444444444444443333333333333333333311111111111111111111111
4444444444444444444443333333333333333333311111111111111111111111
4444444444444444444443333333333333333333311111111111111111111111
4444444444444444444443333333333333333333311111111111111111111111
4444444444444444444443333333333333333333311111111111111111111111
4444444444444444444443333333333333333333311111111111111111111111
4444444444444444444443333333333333333333311111111111111111111111
4444444444444444444443333333333333333333311111111111111111111111
4444444444444444444443333333333333333333311111111111111111111111
4444444444444444444443333333333333333333311111111111111111111111
4444444444444444444443333333333333333333311111111111111111111111
4444444444444444444443333333333333333333311111111111111111111111
4444444444444444444443333333333333333333311111111111111111111111
4444444444444444444443333333333333333333311111111111111111111111
4444444444444444444443333333333333333333311111111111111111111111
2444444444444444444445555555555555555555555555555555555555555533
2444444444444444444445555555555555555555555555555555555555555533
2444444444444444444445555555555555555555555555555555555555555533
2444444444444444444445555555555555555555555555555555555555555533
2444444444444444444445555555555555555555555555555555555555555533
2444444444444444444445555555555555555555555555555555555555555533
2444444444444444444445555555555555555555555555555555555555555533
2444444444444444444445555555555555555555555555555555555555555533
2444444444444444444445555555555555555555555555555555555555555533
2444444444444444444445555555555555555555555555555555555555555533
2444444444444444444445555555555555555555555555555555555555555533
2444444444444444444445555555555555555555555555555555555555555533
2444444444444444444445555555555555555555555555555555555555555533
2444444444444444444445555555555555555555555555555555555555555533
2444444444444444444445555555555555555555555555555555555555555533
2444444444444444444445555555555555555555555555555555555555555533
2444444444444444444445555555555555555555555555555555555555555533
2444444444444444444445555555555555555555555555555555555555555533
2444444444444444444445555555555555555555555555555555555555555533
2444444444444444444445555555555555555555555555555555555555555533
2444444444444444444445555555555555555555555555555555555555555533
2444444444444444444445555555555555555555555555555555555555555533
1444444444444444444445555555555555555555555555555555555555555544
1444444444444444444445555555555555555555555555555555555555555544
1444444444444444444445555555555555555555555555555555555555555544
